‹‹‹‹‹‹‹‹‹‹‹‹‹‹‹‹‹‹‹‹‹‹‹‹‹‹‹‹‹‹‹‹‹‹‹‹‹‹‹‹‹‹‹‹‹‹‹‹‹‹‹‹‹‹‹‹‹‹‹‹
NODE:2	 32886	 32886	 1	 4	 	 2.56	 8.56	 1
‹‹‹‹‹‹‹‹‹‹‹‹‹‹‹‹‹‹‹‹‹‹‹‹‹‹‹‹‹‹‹‹‹‹‹‹‹‹‹‹‹‹‹‹‹‹‹‹‹‹‹‹‹‹‹‹‹‹‹‹
NODE:2	 80308	 80308	 1	 8	 	 4.36	 10.36	 1
NODE:2	 32886	 32886	 1	 4	 	 4.36	 8.56	 1
‹‹‹‹‹‹‹‹‹‹‹‹‹‹‹‹‹‹‹‹‹‹‹‹‹‹‹‹‹‹‹‹‹‹‹‹‹‹‹‹‹‹‹‹‹‹‹‹‹‹‹‹‹‹‹‹‹‹‹‹
NODE:2	 802780	 802780	 1	 12	 	 8.00	 14.00	 1
NODE:2	 80308	 80308	 1	 8	 	 8.00	 10.36	 1
NODE:2	 32886	 32886	 1	 4	 	 8.00	 8.56	 1
‹‹‹‹‹‹‹‹‹‹‹‹‹‹‹‹‹‹‹‹‹‹‹‹‹‹‹‹‹‹‹‹‹‹‹‹‹‹‹‹‹‹‹‹‹‹‹‹‹‹‹‹‹‹‹‹‹‹‹‹
NODE:2	 132487	 132487	 1	 16	 	 13.50	 19.50	 1
NODE:2	 802780	 802780	 1	 12	 	 13.50	 14.00	 1
NODE:2	 80308	 0	 255	 9	 	 13.50	 0.00	 0
NODE:2	 32886	 0	 255	 5	 	 13.50	 0.00	 0
‹‹‹‹‹‹‹‹‹‹‹‹‹‹‹‹‹‹‹‹‹‹‹‹‹‹‹‹‹‹‹‹‹‹‹‹‹‹‹‹‹‹‹‹‹‹‹‹‹‹‹‹‹‹‹‹‹‹‹‹
NODE:2	 836504	 836504	 1	 20	 	 31.00	 37.00	 1
NODE:2	 132487	 0	 255	 17	 	 31.00	 0.00	 0
NODE:2	 802780	 0	 255	 13	 	 31.00	 0.00	 0
NODE:2	 80308	 0	 255	 9	 	 31.00	 0.00	 0
NODE:2	 32886	 0	 255	 5	 	 31.00	 0.00	 0
‹‹‹‹‹‹‹‹‹‹‹‹‹‹‹‹‹‹‹‹‹‹‹‹‹‹‹‹‹‹‹‹‹‹‹‹‹‹‹‹‹‹‹‹‹‹‹‹‹‹‹‹‹‹‹‹‹‹‹‹
NODE:2	 210699	 210699	 1	 22	 	 32.89	 38.89	 1
NODE:2	 836504	 836504	 1	 20	 	 32.89	 37.00	 1
NODE:2	 132487	 0	 255	 17	 	 32.89	 0.00	 0
NODE:2	 802780	 0	 255	 13	 	 32.89	 0.00	 0
NODE:2	 80308	 0	 255	 9	 	 32.89	 0.00	 0
NODE:2	 32886	 0	 255	 5	 	 32.89	 0.00	 0
‹‹‹‹‹‹‹‹‹‹‹‹‹‹‹‹‹‹‹‹‹‹‹‹‹‹‹‹‹‹‹‹‹‹‹‹‹‹‹‹‹‹‹‹‹‹‹‹‹‹‹‹‹‹‹‹‹‹‹‹
NODE:2	 871139	 871139	 1	 32	 	 36.50	 42.50	 1
NODE:2	 210699	 210699	 1	 22	 	 36.50	 38.89	 1
NODE:2	 836504	 836504	 1	 20	 	 36.50	 37.00	 1
NODE:2	 132487	 0	 255	 17	 	 36.50	 0.00	 0
NODE:2	 802780	 0	 255	 13	 	 36.50	 0.00	 0
NODE:2	 80308	 0	 255	 9	 	 36.50	 0.00	 0
NODE:2	 32886	 0	 255	 5	 	 36.50	 0.00	 0
‹‹‹‹‹‹‹‹‹‹‹‹‹‹‹‹‹‹‹‹‹‹‹‹‹‹‹‹‹‹‹‹‹‹‹‹‹‹‹‹‹‹‹‹‹‹‹‹‹‹‹‹‹‹‹‹‹‹‹‹
NODE:2	 6057	 6057	 1	 34	 	 42.00	 48.00	 1
NODE:2	 871139	 871139	 1	 32	 	 42.00	 42.50	 1
NODE:2	 210699	 0	 255	 23	 	 42.00	 0.00	 0
NODE:2	 836504	 0	 255	 21	 	 42.00	 0.00	 0
NODE:2	 132487	 0	 255	 17	 	 42.00	 0.00	 0
NODE:2	 802780	 0	 255	 13	 	 42.00	 0.00	 0
NODE:2	 80308	 0	 255	 9	 	 42.00	 0.00	 0
NODE:2	 32886	 0	 255	 5	 	 42.00	 0.00	 0
